0 1 0.865772110490191
1 104 0.774409105203225
2 11 0.220934246617869
3 137 0.335550257330347
4 188 0.388474547910469
5 194 0.489325403767011
6 2 0.752684188876811
7 211 0.494960904723036
8 276 0.194693367936218
9 338 0.732771744829049
10 341 0.687702748095164
11 377 0.292128081864650
12 38 0.613291061044050
13 384 0.425277826369079
14 391 0.519418632062213
15 393 0.454792191373175
16 4 0.546121857985611
17 414 0.264935495556353
18 429 0.151832079511373
19 439 0.649350524762308
20 442 0.133021329821468
21 50 0.787715966711821
22 51 0.706008642968572
23 549 0.405810361200735
24 552 0.589338622383668
25 553 0.163158939622151
26 554 0.421769302009865
27 555 0.719073665028418
28 556 0.564675273795168
29 557 0.622868414519831
30 558 0.376912649762924
31 8 0.669613517302029
32 82 0.551057925706766
33 9 0.434549012858382
34 0 1
35 999 0