1 0 1.000000
2 1 0.972603
3 10 0.671233
4 11 0.547945
5 12 0.465753
6 13 0.602740
7 14 0.821918
8 15 0.150685
9 16 0.520548
10 17 0.671233
11 18 0.890411
12 19 0.452055
13 2 0.109589
14 20 0.424658
15 21 0.342466
16 22 0.575342
17 23 0.260274
18 24 0.589041
19 25 0.068493
20 26 0.410959
21 27 0.219178
22 28 0.465753
23 29 0.136986
24 3 0.589041
25 30 0.863014
26 31 0.397260
27 32 0.369863
28 33 0.164384
29 34 0.301370
30 35 0.342466
31 36 0.493151
32 4 0.821918
33 5 0.904110
34 6 0.767123
35 7 0.794521
36 8 0.479452
37 9 0.602740
38 999 0.000000
