0 1 0.769888389392362
1 11 0.230732583767251
2 113 0.582185641297198
3 115 0.576099046112058
4 122 0.388814053571479
5 135 0.685119315925687
6 14 0.397477357688474
7 160 0.552286781238687
8 197 0.650052229634151
9 21 0.268269465703803
10 232 0.712913061368670
11 236 0.378233279838025
12 258 0.433536821406733
13 271 0.370986476252020
14 343 0.727507214277836
15 348 0.735415660823530
16 372 0.775906337446445
17 385 0.659734448440417
18 4 0.499204472628623
19 405 0.432909125009497
20 443 0.344178384998137
21 478 0.314011148228328
22 483 0.783284753807164
23 52 0.631914165734886
24 55 0.625388881045651
25 573 0.416701621513996
26 574 0.737573928138516
27 575 0.559216375007263
28 576 0.276168533167596
29 577 0.115727626399710
30 578 0.141568515595348
31 580 0.218829132002341
32 581 0.410507071291794
33 80 0.597658101246326
34 0 1
35 999 0