0 115 0.435527865635501
1 124 0.595376384462678
2 141 0.727435687621882
3 156 0.325481271832694
4 16 0.362336262922330
5 174 0.570800568998389
6 21 0.858585790729191
7 212 0.483506577405246
8 231 0.699079049199996
9 265 0.595997357622292
10 3 0.653386199781600
11 32 0.567113170834084
12 33 0.862498624167746
13 38 0.748755861006657
14 433 0.405915226531220
15 51 0.462226639958249
16 57 0.775698444560150
17 577 0.827782086368169
18 578 0.373712564027161
19 579 0.564344973190434
20 580 0.337074237017798
21 581 0.780869152611829
22 582 0.101909186836994
23 583 0.413125811917797
24 584 0.322806896688579
25 585 0.481283072809629
26 586 0.325966312624265
27 587 0.478867471614295
28 588 0.277726249235820
29 589 0.182892509864820
30 590 0.302634847123497
31 591 0.262041576807070
32 592 0.529608187503632
33 593 0.307633880488308
34 0 1
35 999 0