chaincodepolyline 0.067135 0.503525 0.505948 0.508726 0.500761 0.504857 4 1 5 2 3
chaincodepolyline(selected) 0.016754 0.737668 0.470236 0.210031 0.234621 0.390983 3 4 5 2 1
fourier+chaincodepoly 0.071945 0.551106 0.530691 0.549006 0.472934 0.584308 4 2 3 1 5
fourier+chaincodepoly(selected) 0.066322 0.835247 0.573114 0.583498 0.407148 0.397812 5 4 2 3 1
keypoints+chaincodepoly 0.071898 0.712743 0.249125 0.687278 0.425796 0.520204 2 4 5 3 1
keypoints+chaincodepoly(selected) 0.044249 0.903287 0.503387 0.436868 0.588957 0.476782 3 5 2 4 1
concavity+chaincodepoly 0.055976 0.665033 0.520409 0.514285 0.527756 0.454283 5 3 2 4 1
concavity+chaincodepoly(selected) 0.052323 0.690812 0.513840 0.507514 0.514615 0.431246 5 3 2 4 1
keypoints+concavity+chaincodepoly 0.060480 0.836608 0.474266 0.581691 0.520457 0.563363 2 4 5 3 1
keypoints+concavity+chaincodepoly(selected) 0.085062 0.739283 0.404865 0.710254 0.535849 0.537837 2 4 5 3 1
